344.61224
344.8288245704087
345.0453982798936
345.2619611258427
345.47851310564374
345.695054216685
345.91158445635403
346.1281038220391
346.3446123111281
346.561109921009
346.77759664906966
346.9940724926982
347.2105374492823
347.4269915162102
347.64343469086975
347.8598669706489
348.07628835293565
348.2926988351179
348.5090984145836
348.72548708872085
348.9418648549174
349.1582317105613
349.37458765304063
349.59093267974316
349.807266788057
350.02358997537
350.23990223907015
350.45620357654536
350.6724939851837
350.8887734623731
351.1050420055014
351.32129961195665
351.5375462791268
351.75378200439985
351.97000678516366
352.18622061880626
352.40242350271564
352.61861543427966
352.8347964108863
353.0509664299236
353.26712548877947
353.4832735848419
353.6994107154988
353.9155368781381
354.13165207014777
354.34775628891583
354.5638495318302
354.77993179627885
354.9960030796497
355.2120633793308
355.42811269271
355.64415101717526
355.86017835011467
356.0761946889161
356.2922000309674
356.50819437365675
356.72417771437193
356.940150050501
357.1561113794319
357.3720616985525
357.5880010052509
357.80392929691493
358.0198465709326
358.23575282469193
358.45164805558073
358.66753226098706
358.88340543829895
359.0992675849042
359.3151186981909
359.5309587755469
359.74678781436023
359.96260581201875
360.1784127659106
360.39420867342363
360.6099935319458
360.82576733886503
361.0415300915693
361.2572817874466
361.47302242388486
361.68875199827204
361.90447050799617
362.1201779504451
362.33587432300686
362.5515596230693
362.76723384802057
362.9828969952485
363.19854906214096
363.41419004608616
363.6298199444718
363.845438754686
364.0610464741167
364.27664310015183
364.49222863017934
364.70780306158713
364.92336639176324
365.1389186180956
365.35445973797226
365.56998974878104
365.7855086479099
366.0010164327469
366.21651310068
366.43199864909707
366.6474730753861
366.86293637693507
367.07838855113187
367.2938295953645
367.50925950702106
367.7246782834893
367.9400859221572
368.15548242041285
368.37086777564406
368.5862419852389
368.8016050465853
369.0169569570712
369.2322977140845
369.4476273150133
369.66294575724544
369.8782530381689
370.09354915517173
370.3088341056418
370.524107886967
370.73937049653546
370.95462193173495
371.1698621899536
371.38509126857934
371.600309165
371.8155158766036
372.03071140077816
372.24589573491164
372.4610688763919
372.67623082260695
372.89138157094476
373.10652111879324
373.32164946354044
373.53676660257423
373.7518725332826
373.96696725305355
374.182050759275
374.39712304933494
374.61218412062124
374.82723397052195
375.04227259642494
375.2572999957182
375.4723161657898
375.68732110402755
375.90231480781944
376.1172972745535
376.3322685016176
376.5472284863997
376.76217722628786
376.97711471866995
377.192040960934
377.4069559504679
377.62185968465957
377.83675216089705
378.0516333765683
378.2665033290613
378.4813620157639
378.69620943406414
378.9110455813499
379.12587045500925
379.34068405243005
379.55548637100037
379.7702774081081
379.9850571611411
380.1998256274875
380.41458280453514
380.6293286896721
380.8440632802862
381.0587865737654
381.2734985674978
381.4881992588713
381.7028886452738
381.9175667240932
382.1322334927177
382.34688894853497
382.56153308893323
382.7761659113002
382.990787413024
383.2053975914925
383.4199964440937
383.6345839682156
383.8491601612461
384.0637250205732
384.2782785435848
384.49282072766886
384.7073515702134
384.9218710686063
385.13637922023565
385.3508760224892
385.56536147275517
385.7798355684212
385.9942983068756
386.208749685506
386.42318970170055
386.63761835284726
386.8520356363339
387.06644154954853
387.28083608987913
387.4952192547136
387.7095910414399
387.92395144744614
388.13830047012004
388.3526381068498
388.5669643550232
388.78127921202815
388.99558267525276
389.209874742085
389.42415540991266
389.63842467612386
389.8526825381065
390.06692899324844
390.2811640389379
390.4953876725625
390.7095998915105
390.9238006931697
391.1379900749281
391.3521680341736
391.5663345682942
391.78048967467794
391.9946333507126
392.2087655937863
392.4228864012869
392.6369957706025
392.8510936991208
393.06518018423
393.27925522331793
393.49331881377265
393.707370952982
393.9214116383339
394.1354408672165
394.3494586370177
394.56346494512536
394.7774597889275
394.9914431658121
395.2054150731671
395.4193755083804
395.63332446884
395.8472619519339
396.06118795505
396.2751024755763
396.4890055109007
396.7028970584113
396.91677711549585
397.13064567954245
397.34450274793903
397.5583483180735
397.77218238733394
397.98600495310814
398.19981601278414
398.41361556374994
398.6274036033935
398.84118012910267
399.05494513826557
399.26869862827
399.482440596504
399.69617104035547
399.90988995721244
400.12359734446284
400.3372931994946
400.55097751969566
400.7646503024541
400.97831154515774
401.19196124519465
401.4055993999527
401.6192260068199
401.8328410631842
402.0464445664335
402.2600365139559
402.4736169031392
402.6871857313714
402.90074299604055
403.11428869453454
403.32782282424125
403.5413453825488
403.754856366845
403.9683557745179
404.18184360295544
404.3953198495455
404.60878451167616
404.82223758673535
405.03567907211095
405.249108965191
405.4625272633634
405.67593396401617
405.8893290645372
406.1027125623146
406.31608445473614
406.5294447391898
406.7427934130636
406.9561304737455
407.1694559186235
407.3827697450854
407.5960719505193
407.8093625323131
408.0226414878548
408.23590881453237
408.4491645097337
408.6624085708467
408.8756409952596
409.08886178036005
409.3020709235361
409.5152684221758
409.7284542736669
409.9416284753976
410.15479102475575
410.36794191912935
410.58108115590625
410.7942087324745
411.00732464622206
411.22042889453684
411.43352147480687
411.64660238442
411.8596716207643
412.07272918122766
412.28577506319806
412.4988092640635
412.71183178121186
412.9248426120311
413.1378417539093
413.35082920423423
413.56380496039395
413.7767690197765
413.98972137976966
414.2026620377615
414.41559099114
414.62850823729303
414.8414137736086
415.0543075974747
415.26718970627917
415.4800600974101
415.6929187682554
415.9057657162031
416.118600938641
416.3314244329572
416.5442361965395
416.757036226776
416.9698245210546
417.1826010767633
417.39536589129
417.60811896202273
417.82086028634933
418.03358986165796
418.2463076853364
418.45901375477257
418.67170806735464
418.88439062047036
419.09706141150787
419.30972043785493
419.52236769689966
419.73500318603
419.9476269026338
420.1602388440992
420.3728390078139
420.58542739116604
420.79800399154357
421.0105688063344
421.2231218329265
421.4356630687078
421.6481925110664
421.8607101573901
422.07321600506685
422.2857100514847
422.4981922940316
422.7106627300955
422.9231213570643
423.13556817232603
423.34800317326864
423.56042635728
423.7728377217482
423.985237264061
424.1976249816066
424.4100008717728
424.6223649319477
424.8347171595191
425.04705755187496
425.2593861064034
425.4717028204922
425.6840076915295
425.89630071690306
426.1085818940009
426.32085122021107
426.5331086929215
426.74535430952005
426.9575880673948
427.1698099639337
427.3820199965246
427.5942181625555
427.8064044594144
428.01857888448916
428.23074143516794
428.4428921088385
428.6550309028888
428.86715781470696
429.07927284168085
429.2913759811984
429.5034672306476
429.7155465874165
429.9276140488928
430.1396696124647
430.35171327552
430.5637450354468
430.77576488963297
430.98777283546644
431.1997688703353
431.4117529916274
431.6237251967307
431.83568548303316
432.0476338479227
432.25957028878753
432.4714948030153
432.683407387994
432.89530804111183
433.1071967597565
433.319073541316
433.53093838317847
433.74279128273173
433.95463223736374
434.1664612444624
434.37827830141583
434.59008340561184
434.8018765544385
435.01365774528364
435.2254269755353
435.4371842425814
435.64892954380997
435.8606628766089
436.0723842383662
436.28409362646977
436.4957910383077
436.7074764712678
436.919149922738
437.1308113901064
437.3424608707608
437.5540983620894
437.7657238614799
437.9773373663204
438.1889388739988
438.40052838190303
438.6121058874212
438.82367138794115
439.03522488085076
439.2467663635382
439.4582958333912
439.6698132877979
439.88131872414624
440.092812139824
440.3042935322194
440.51576289872014
440.72722023671434
440.93866554359
441.15009881673495
441.36152005353716
441.5729292513846
441.7843264076653
441.99571151976716
442.2070845850781
442.41844560098616
442.6297945648793
442.84113147414536
443.0524563261725
443.2637691183484
443.4750698480613
443.68635851269903
443.8976351096495
444.1088996363007
444.32015209004066
444.53139246825725
444.7426207683385
444.9538369876723
445.16504112364663
445.3762331736495
445.5874131350688
445.7985810052925
446.00973678170857
446.22088046170495
446.43201204266967
446.6431315219906
446.8542388970558
447.0653341652531
447.2764173239705
447.48748837059605
447.6985473025176
447.90959411712316
448.12062881180066
448.3316513839381
448.54266183092335
448.7536601501444
448.9646463389893
449.17562039484596
449.3865823151023
449.5975320971463
449.8084697383659
450.0193952361491
450.2303085878838
450.44120979095806
450.65209884275976
450.86297574067675
451.07384048209724
451.284693064409
451.495533485
451.7063617412583
451.91717783057175
452.1279817503284
452.3387734979161
452.54955307072294
452.7603204661368
452.97107568154564
453.1818187143374
453.3925495619001
453.60326822162165
453.81397469089
454.02466896709313
454.2353510476191
454.4460209298556
454.6566786111909
454.86732408901275
455.07795736070915
455.2885784236681
455.49918727527756
455.70978391292545
455.9203683339997
456.1309405358883
456.34150051597925
456.5520482716605
456.76258380031993
456.9731070993456
457.1836181661255
457.39411699804737
457.6046035924994
457.8150779468694
458.02554005854535
458.2359899249153
458.4464275433671
458.6568529112888
458.8672660260683
459.07766688509355
459.2880554857525
459.4984318254332
459.7087959015235
459.91914771141154
460.129487252485
460.33981452213203
460.5501295177405
460.7604322366985
460.9707226763938
461.1810008342145
461.39126670754854
461.60152029378384
461.8117615903083
462.02199059451
462.2322073037768
462.44241171549675
462.65260382705776
462.86278363584773
463.0729511392547
463.2831063346667
463.49324921947147
463.70337979105716
463.91349804681164
464.1236039841229
464.3336976003789
464.5437788929675
464.7538478592768
464.9639044966947
465.1739488026091
465.3839807744081
465.59400040947946
465.8040077052114
466.0140026589916
466.22398526820825
466.43395553024914
466.6439134425023
466.8538590023557
467.06379220719725
467.273713054415
467.48362154139676
467.69351766553063
467.9034014242045
468.11327281480635
468.32313183472417
468.5329784813458
468.7428127520593
468.9526346442526
469.16244415531366
469.37224128263045
469.5820260235909
469.791798375583
470.0015583359947
470.21130590221395
470.42104107162874
470.63076384162696
470.8404742095966
471.0501721729256
471.25985772900196
471.46953087521365
471.6791916089486
471.8888399275947
472.09847582854
472.30809930917246
472.51771036688
472.7273089990506
472.9368952030722
473.1464689763327
473.35603031622014
473.5655792201225
473.7751156854277
473.9846397095237
474.1941512897984
474.40365042363993
474.61313710843604
474.82261134157477
475.0320731204442
475.24152244243203
475.45095930492647
475.6603837053153
475.8697956409866
476.0791951093283
476.2885821077282
476.4979566335745
476.70731868425503
476.9166682571577
477.1260053496707
477.33532995918176
477.5446420830789
477.75394171875
477.96322886358314
478.17250351496625
478.38176567028734
478.5910153269342
478.800252482295
479.0094771337575
479.21868927870975
479.4278889145398
479.6370760386354
479.8462506483847
480.05541274117553
480.2645623143959
480.4736993654338
480.6828238916771
480.8919358905139
481.101035359332
481.3101222955194
481.5191966964642
481.7282585595542
481.9373078821774
482.14634466172174
482.3553688955753
482.5643805811258
482.77337971576145
482.98236629686994
483.19134032183956
483.40030178805796
483.60925069291324
483.81818703379344
484.0271108080864
484.23602201318005
484.44492064646244
484.6538067053214
484.8626801871451
485.0715410893213
485.28038940923807
485.4892251442833
485.69804829184494
485.90685884931105
486.1156568140695
486.3244421835083
486.53321495501535
486.7419751259786
486.9507226937862
487.1594576558258
487.36818000948557
487.5768897521534
487.7855868812173
487.99427139406515
488.20294328808495
488.4116025606647
488.62024920919225
488.82888323105567
489.03750462364286
489.24611338434175
489.45470951054034
489.6632929996266
489.8718638489885
490.0804220560139
490.28896761809085
490.49750053260726
490.70602079695124
490.91452840851053
491.12302336467314
491.3315056628271
491.53997530036037
491.74843227466084
491.9568765831165
492.16530822311535
492.37372719204524
492.5821334872942
492.79052710625024
492.9989080463012
493.20727630483515
493.41563187924
493.6239747669037
493.8323049652142
494.04062247155946
494.2489272833275
494.4572193979061
494.66549881268344
494.8737655250474
495.0820195323859
495.2902608320869
495.4984894215384
495.7067052981284
495.91490845924477
496.12309890227544
496.33127662460845
496.53944162363166
496.7475938967332
496.9557334413009
497.1638602547227
497.3719743343866
497.58007567768067
497.78816428199264
497.9962401447106
498.2043032632225
498.4123536349163
498.62039125718
498.82841612740145
499.0364282429687
499.24442760126965
499.45241419969227
499.6603880356245
499.86834910645445
500.0762974095698
500.2842329423588
500.4921557022092
500.70006568650905
500.9079628926463
501.11584731800883
501.3237189599848
501.5315778159619
501.73942388332824
501.9472571594718
502.1550776417805
502.36288532764235
502.5706802144452
502.7784622995771
502.98623158042585
503.1939880543796
503.4017317188262
503.6094625711537
503.81718060875
504.02488582900304
504.2325782293008
504.4402578070313
504.64792455958235
504.85557848434195
505.0632195786982
505.2708478400389
505.4784632657521
505.68606585322567
505.89365559984765
506.10123250300603
506.30879656008864
506.51634776848357
506.7238861255786
506.9314116287619
507.1389242754213
507.3464240629448
507.55391098872036
507.7613850501359
507.9688462445794
508.1762945694389
508.38373002210216
508.5911525999573
508.7985623003923
509.00595912079496
509.21334305855333
509.4207141110554
509.62807227568914
509.8354175498425
510.04274993090326
510.25006941625963
510.45737600329943
510.6646696894107
510.8719504719813
511.0792183483993
511.28647331605254
511.493715372329
511.7009445146167
511.9081607403036
512.1153640467775
512.3225544314266
512.5297318916387
512.7368964248018
512.9440480283039
513.1511866995328
513.3583124358768
513.5654252347233
513.7725250934608
513.979612009477
514.1866859801601
514.3937470028976
514.6007950750777
514.8078301940885
515.0148523573179
515.2218615621538
515.428857805984
515.6358410861967
515.8428114001797
516.0497687453212
516.256713119009
516.4636445186309
516.670562941575
516.8774683852292
517.0843608469817
517.2912403242201
517.4981068143327
517.7049603147071
517.9118008227316
518.118628335794
518.3254428512822
518.5322443665843
518.7390328790881
518.9458083861817
519.152570885253
519.35932037369
519.5660568488805
519.7727803082126
519.9794907490744
520.1861881688535
520.3928725649381
520.5995439347162
520.8062022755756
521.0128475849043
521.2194798600902
521.4260990985215
521.6327052975859
521.8392984546715
522.0458785671661
522.2524456324578
522.4589996479347
522.6655406109844
522.8720685189952
523.0785833693549
523.2850851594512
523.4915738866727
523.6980495484066
523.9045121420414
524.110961664965
524.3173981145652
524.52382148823
524.7302317833473
524.9366289973053
525.1430131274916
525.3493841712943
525.5557421261016
525.7620869893011
525.968418758281
526.1747374304292
526.3810430031335
526.5873354737821
526.7936148397628
526.9998810984637
527.2061342472725
527.4123742835774
527.6186012047663
527.8248150082271
528.0310156913479
528.2372032515165
528.4433776861208
528.6495389925491
528.855687168189
529.0618222104284
529.2679441166557
529.4740528842586
529.6801485106251
529.8862309931429
530.0923003292004
530.2983565161852
530.5043995514854
530.7104294324889
530.9164461565839
531.1224497211581
531.3284401235994
531.534417361296
531.7403814316358
531.9463323320065
532.1522700597964
532.3581946123932
532.5641059871851
532.7700041815599
532.9758891929056
533.1817610186101
533.3876196560615
533.5934651026475
533.7992973557565
534.005116412776
534.2109222710941
534.4167149280988
534.6224943811782
534.8282606277199
535.0340136651122
535.2397534907429
535.445480102
535.6511934962716
535.8568936709453
536.0625806234093
536.2682543510516
536.47391485126
536.6795621214226
536.8851961589271
537.0908169611619
537.2964245255147
537.5020188493733
537.707599930126
537.9131677651606
538.1187223518649
538.3242636876271
538.5297917698349
538.7353065958766
538.9408081631398
539.1462964690128
539.3517715108833
539.5572332861393
539.762681792169
539.96811702636
540.1735389861004
540.3789476687783
540.5843430717814
540.7897251924979
540.9950940283157
541.2004495766228
541.4057918348069
541.6111208002561
541.8164364703584
542.0217388425018
542.2270279140743
542.4323036824636
542.6375661450579
542.8428152992452
543.0480511424131
543.2532736719501
543.4584828852435
543.6636787796818
543.8688613526527
544.0740306015443
544.2791865237443
544.4843291166411
544.6894583776223
544.894574304076
545.09967689339
545.3047661429524
545.5098420501513
545.7149046123743
545.9199538270096
546.1249896914452
546.3300122030688
546.5350213592687
546.7400171574326
546.9449995949485
547.1499686692046
547.3549243775884
547.5598667174881
547.7647956862919
547.9697112813874
548.1746135001626
548.3795023400057
548.5843777983046
548.7892398724468
548.994088559821
549.1989238578145
549.4037457638158
549.6085542752123
549.8133493893924
550.018131103744
550.222899415655
550.4276543225131
550.6323958217066
550.8371239106234
551.0418385866514
551.2465398471786
551.4512276895929
551.6559021112821
551.8605631096345
552.0652106820379
552.2698448258801
552.4744655385492
552.6790728174333
552.8836666599203
553.0882470633978
553.2928140252543
553.4973675428773
553.7019076136552
553.9064342349756
554.1109474042265
554.315447118796
554.519933376072
554.7244061734424
554.9288655082952
555.1333113780184
555.33774378
555.5421627116277
555.7465681702897
555.950960153374
556.1553386582685
556.3597036823611
556.5640552230395
556.7683932776922
556.9727178437067
557.1770289184714
557.3813264993737
557.585610583802
557.7898811691441
557.994138252788
558.1983818321216
558.4026119045329
558.6068284674099
558.8110315181406
559.0152210541125
559.2193970727143
559.4235595713334
559.627708547358
559.831843998176
560.0359659211754
560.2400743137441
560.44416917327
560.6482504971411
560.8523182827455
561.056372527471
561.2604132287056
561.4644403838373
561.6684539902541
561.8724540453437
562.0764405464944
562.2804134910939
562.4843728765302
562.6883187001914
562.8922509594654
563.0961696517401
563.3000747744034
563.5039663248435
563.7078443004481
563.9117086986053
564.115559516703
564.3193967521291
564.5232204022718
564.7270304645189
564.9308269362582
565.134609814878
565.3383790977658
565.54213478231
565.7458768658984
565.9496053459189
566.1533202197594
566.3570214848081
566.5607091384527
566.7643831780814
566.968043601082
567.1716904048424
567.3753235867507
567.5789431441949
567.7825490745628
567.9861413752424
568.1897200436216
568.3932850770885
568.5968364730311
568.8003742288372
569.0038983418947
569.2074088095918
569.4109056293164
569.6143887984563
569.8178583143995
570.021314174534
570.2247563762479
570.4281849169288
570.631599793965
570.8350010047444
571.0383885466548
571.2417624170843
571.4451226134207
571.6484691330521
571.8518019733665
572.0551211317518
572.2584266055959
572.4617183922868
572.6649964892125
572.868260893761
573.0715116033199
573.2747486152775
573.4779719270218
573.6811815359407
573.884377439422
574.0875596348538
574.2907281196241
574.4938828911206
574.6970239467316
574.9001512838448
575.1032648998483
575.30636479213
575.5094509580779
575.71252339508
575.915582100524
576.1186270717982
576.3216583062904
576.5246758013884
576.7276795544806
576.9306695629543
577.1336458241982
577.3366083355997
577.539557094547
577.7424920984281
577.9454133446308
578.1483208305431
578.351214553553
578.5540945110484
578.7569607004174
578.9598131190478
579.1626517643275
579.3654766336447
579.5682877243872
579.771085033943
579.9738685597001
580.1766382990463
580.3793942493699
580.5821364080584
580.7848647725
580.9875793400827
581.1902801081943
581.392967074223
581.5956402355564
581.7982995895828
582.0009451336902
582.2035768652662
582.4061947816989
582.6087988803766
582.8113891586868
583.0139656140176
583.2165282437569
583.4190770452927
583.6216120160132
583.824133153306
584.0266404545592
584.2291339171608
584.4316135384987
584.634079315961
584.8365312469355
585.0389693288101
585.241393558973
585.443803934812
585.6462004537149
585.8485831130699
586.050951910265
586.2533068426881
586.455647907727
586.6579751027698
586.8602884252044
587.0625878724188
587.2648734418009
587.4671451307387
587.6694029366201
587.8716468568333
588.0738768887659
588.2760930298061
588.4782952773418
588.680483628761
588.8826580814515
589.0848186328013
589.2869652801986
589.489098021031
589.6912168526869
589.8933217725537
590.0954127780199
590.2974898664731
590.4995530353012
590.7016022818926
590.903637603635
591.1056589979163
591.3076664621244
591.5096599936473
591.7116395898731
591.9136052481897
592.1155569659851
592.3174947406471
592.5194185695638
592.721328450123
592.9232243797129
593.1251063557212
593.3269743755361
593.5288284365454
593.730668536137
593.932494671699
594.1343068406194
594.3361050402862
594.5378892680869
594.73965952141
594.9414157976432
595.1431580941746
595.344886408392
595.5466007376833
595.7483010794367
595.9499874310401
596.1516597898813
596.3533181533483
596.5549625188291
596.7565928837118
596.9582092453842
597.1598116012342
597.36139994865
597.5629742850192
597.7645346077302
597.9660809141706
598.1676132017284
598.3691314677917
598.5706357097483
598.7721259249863
598.9736021108937
599.1750642648584
599.3765123842683
599.5779464665112
599.7793665089754
599.9807725090486
600.182164464119
600.3835423715743
600.5849062288027
600.7862560331919
600.98759178213
601.188913473005
601.3902211032048
601.5915146701172
601.7927941711305
601.9940596036325
602.1953109650111
602.3965482526543
602.59777146395
602.7989805962862
603.000175647051
603.2013566136322
603.4025234934177
603.6036762837956
603.8048149821539
604.0059395858802
604.2070500923629
604.4081464989897
604.6092288031488
604.8102970022279
605.0113510936151
605.2123910746982
605.4134169428653
605.6144286955043
605.8154263300032
606.01640984375
606.2173792341325
606.4183344985389
606.6192756343569
606.8202026389746
607.0211155097799
607.2220142441608
607.4228988395054
607.6237692932013
607.8246256026367
608.0254677651998
608.226295778278
608.4271096392596
608.6279093455325
608.8286948944847
609.029466283504
609.2302235099785
609.4309665712962
609.6316954648449
609.8324101880128
610.0331107381875
610.2337971127572
610.4344693091099
610.6351273246335
610.8357711567159
611.036400802745
611.2370162601089
611.4376175261956
611.6382045983929
611.8387774740888
612.0393361506714
612.2398806255285
612.440410896048
612.640926959618
612.8414288136264
613.0419164554612
613.2423898825105
613.4428490921619
613.6432940818036
613.8437248488234
614.0441413906095
614.2445437045496
614.4449317880319
614.6453056384443
614.8456652531745
615.0460106296108
615.246341765141
615.446658657153
615.6469613030348
615.8472497001745
616.04752384596
616.247783737779
616.4480293730197
616.6482607490702
616.8484778633182
617.0486807131516
617.2488692959587
617.4490436091271
617.649203650045
617.8493494161004
618.0494809046809
618.2495981131748
618.4497010389698
618.6497896794541
618.8498640320156
619.0499240940421
619.2499698629217
619.4500013360424
619.650018510792
619.8500213845588
620.0500099547302
620.2499842186945
620.4499441738398
620.6498898175538
620.8498211472245
621.04973816024
621.2496408539881
621.4495292258568
621.6494032732342
621.849262993508
622.0491083840661
622.2489394422969
622.4487561655882
622.6485585513276
622.8483465969034
623.0481202997036
623.2478796571158
623.4476246665283
623.6473553253292
623.8470716309058
624.0467735806467
624.2464611719397
624.4461344021724
624.6457932687333
624.8454377690101
625.0450679003907
625.244683660263
625.4442850460152
625.6438720550351
625.8434446847107
626.04300293243
626.2425467955808
626.4420762715512
626.6415913577292
626.8410920515026
627.0405783502596
627.2400502513879
627.4395077522754
627.6389508503104
627.8383795428806
628.037793827374
628.2371937011786
628.4365791616825
628.6359502062734
628.8353068323393
629.0346490372683
629.2339768184482
629.4332901732671
629.6325890991128
629.8318735933734
630.031143653437
630.2303992766912
630.4296404605241
630.6288672023238
630.8280794994782
631.027277349375
631.2264607494025
631.4256296969485
631.6247841894009
631.8239242241477
632.023049798577
632.2221609100766
632.4212575560344
632.6203397338386
632.8194074408771
633.0184606745377
633.2174994322085
633.4165237112773
633.6155335091321
633.814528823161
634.013509650752
634.2124759892928
634.4114278361716
634.6103651887761
634.8092880444943
635.0081964007145
635.2070902548244
635.4059696042118
635.6048344462649
635.8036847783717
636.00252059792
636.2013419022978
636.4001486888931
636.5989409550939
636.797718698288
636.9964819158633
637.1952306052082
637.3939647637102
637.5926843887573
637.7913894777378
637.9900800280393
638.1887560370499
638.3874175021576
638.5860644207503
638.784696790216
638.9833146079425
639.1819178713179
639.3805065777303
639.5790807245675
639.7776403092173
639.9761853290678
640.1747157815071
640.3732316639229
640.5717329737034
640.7702197082365
640.9686918649099
641.1671494411119
641.3655924342303
641.5640208416531
641.7624346607682
641.9608338889637
642.1592185236274
642.3575885621473
642.5559440019114
642.7542848403075
642.9526110747238
643.1509227025482
643.3492197211684
643.5475021279727
643.7457699203491
643.9440230956851
644.1422616513692
644.3404855847888
644.5386948933323
644.7368895743874
644.9350696253423
645.1332350435847
645.3313858265028
645.5295219714843
645.7276434759174
645.9257503371899
646.1238425526899
646.3219201198053
646.5199830359239
646.718031298434
646.9160649047233
647.1140838521796
647.3120881381913
647.510077760146
647.7080527154317
647.9060130014366
648.1039586155483
648.3018895551551
648.4998058176448
648.6977074004054
648.8955943008248
649.093466516291
649.2913240441919
649.4891668819155
649.6869950268498
649.8848084763827
650.0826072279021
650.2803912787962
650.4781606264527
650.6759152682596
650.8736552016051
651.0713804238767
651.2690909324627
651.4667867247512
651.6644677981297
651.8621341499866
652.0597857777095
652.2574226786866
652.4550448503057
652.6526522899549
652.8502449950221
653.0478229628951
653.2453861909622
653.442934676611
653.6404684172298
653.8379874102062
654.0354916529285
654.2329811427844
654.4304558771621
654.6279158534492
654.825361069034
655.0227915213043
655.2202072076481
655.4176081254533
655.6149942721079
655.8123656449999
656.0097222415172
656.2070640590479
656.4043910949797
656.6017033467008
656.7990008115991
656.9962834870623
657.1935513704786
657.390804459236
657.5880427507224
657.7852662423256
657.9824749314339
658.179668815435
658.3768478917168
658.5740121576675
658.7711616106749
658.968296248127
659.1654160674117
659.362521065917
659.559611241031
659.7566865901415
659.9537471106364
660.1507927999038
660.3478236553316
660.5448396743077
660.7418408542201
660.9388271924568
661.1357986864057
661.3327553334548
661.5296971309921
661.7266240764054
661.9235361670828
662.1204334004123
662.3173157737817
662.5141832845791
662.7110359301923
662.9078737080093
663.1046966154183
663.301504649807
663.4982978085634
663.6950760890755
663.8918394887313
664.0885880049186
664.2853216350255
664.48204037644
664.6787442265498
664.8754331827431
665.0721072424079
665.2687664029319
665.4654106617033
665.6620400161099
665.8586544635399
666.0552540013808
666.2518386270211
666.4484083378484
666.6449631312507
666.8415030046161
667.0380279553324
667.2345379807876
667.4310330783698
667.6275132454668
667.8239784794666
668.0204287777572
668.2168641377265
668.4132845567624
668.6096900322531
668.8060805615862
669.00245614215
669.1988167713322
669.3951624465211
669.5914931651042
669.7878089244698
669.9841097220058
670.1803955551
670.3766664211404
670.572922317515
670.7691632416119
670.9653891908189
671.1616001625239
671.357796154115
671.5539771629801
671.7501431865072
671.9462942220842
672.1424302670991
672.33855131894
672.5346573749946
672.7307484326508
672.9268244892969
673.1228855423205
673.3189315891099
673.5149626270528
673.7109786535373
673.9069796659512
674.1029656616827
674.2989366381195
674.4948925926498
674.6908335226613
674.8867594255421
675.0826702986802
675.2785661394635
675.47444694528
675.6703127135177
675.8661634415644
676.0619991268081
676.2578197666369
676.4536253584386
676.6494158996012
676.8451913875127
677.0409518195611
677.2366971931342
677.43242750562
677.6281427544066
677.823842936882
678.0195280504339
678.2151980924504
678.4108530603193
678.6064929514289
678.8021177631668
678.9977274929212
679.1933221380799
679.388901696031
679.5844661641623
679.780015539862
679.9755498205178
680.1710690035178
680.36657308625
680.5620620661022
680.7575359404624
680.9529947067186
681.1484383622587
681.3438669044709
681.5392803307429
681.7346786384627
681.9300618250182
682.1254298877976
682.3207828241887
682.5161206315794
682.7114433073577
682.9067508489115
683.1020432536291
683.297320518898
683.4925826421063
683.6878296206421
683.8830614518932
684.0782781332476
684.2734796620935
684.4686660358185
684.6638372518106
684.858993307458
685.0541342001485
685.24925992727
685.4443704862107
685.6394658743583
685.8345460891007
686.0296111278261
686.2246609879224
686.4196956667776
686.6147151617794
686.8097194703159
687.0047085897753
687.1996825175454
687.3946412510139
687.589584787569
687.7845131245987
687.9794262594909
688.1743241896336
688.3692069124146
688.564074425222
688.7589267254438
688.9537638104675
689.1485856776819
689.3433923244743
689.5381837482328
689.7329599463454
689.9277209162002
690.122466655185
690.3171971606877
690.5119124300965
690.706612460799
690.9012972501835
691.0959667956378
691.2906210945498
691.4852601443075
691.679883942299
691.8744924859121
692.0690857725348
692.263663799555
692.4582265643609
692.6527740643403
692.8473062968809
693.0418232593711
693.2363249491985
693.4308113637513
693.6252825004174
693.8197383565846
694.0141789296412
694.2086042169748
694.4030142159735
694.5974089240253
694.7917883385182
694.9861524568399
695.1805012763787
695.3748347945224
695.5691530086589
695.7634559161761
695.9577435144621
696.1520158009049
696.3462727728925
696.5405144278125
696.7347407630532
696.9289517760025
697.1231474640482
697.3173278245786
697.5114928549813
697.7056425526442
697.8997769149559
698.0938959393036
698.2879996230755
698.4820879636598
698.6761609584441
698.8702186048167
699.0642609001653
699.2582878418781
699.4522994273427
699.6462956539474
699.84027651908
700.0342420201285
700.2281921544808
700.4221269195251
700.6160463126489
700.8099503312405
701.0038389726878
701.1977122343789
701.3915701137013
701.5854126080435
701.7792397147931
701.9730514313381
702.1668477550667
702.3606286833666
702.5543942136258
702.7481443432323
702.9418790695742
703.1355983900391
703.3293023020153
703.5229908028906
703.7166638900529
703.9103215608905
704.1039638127909
704.2975906431423
704.4912020493327
704.6847980287499
704.878378578782
705.0719436968169
705.2654933802426
705.4590276264469
705.6525464328179
705.8460497967436
706.0395377156118
706.2330101868105
706.4264672077278
706.6199087757516
706.8133348882698
707.0067455426703
707.2001407363413
707.3935204666705
707.586884731046
707.7802335268556
707.9735668514875
708.1668847023293
708.3601870767694
708.5534739721954
708.7467453859955
708.9400013155575
709.1332417582695
709.3264667115193
709.519676172695
709.7128701391845
709.9060486083757
710.0992115776565
710.2923590444152
710.4854910060395
710.6786074599172
710.8717084034366
711.0647938339854
711.2578637489516
711.4509181457233
711.6439570216885
711.8369803742348
712.0299882007505
712.2229804986234
712.4159572652416
712.6089184979928
712.8018641942652
712.9947943514468
713.1877089669254
713.3806080380888
713.5734915623253
713.7663595370228
713.9592119595691
714.1520488273521
714.34487013776
714.5376758881806
714.730466076002
714.923240698612
715.1159997533986
715.3087432377497
715.5014711490534
715.6941834846978
715.8868802420703
716.0795614185594
716.2722270115528
716.4648770184386
716.6575114366046
716.8501302634389
717.0427334963294
717.2353211326641
717.4278931698308
717.6204496052177
717.8129904362125
718.0055156602034
718.1980252745782
718.3905192767248
718.5829976640314
718.7754604338859
718.967907583676
719.16033911079
719.3527550126155
719.5451552865408
719.7375399299536
719.9299089402423
720.1222623147942
720.3146000509976
720.5069221462405
720.6992285979107
720.8915194033965
721.0837945600855
721.2760540653658
721.4682979166251
721.6605261112519
721.8527386466337
722.0449355201587
722.2371167292147
722.4292822711898
722.6214321434718
722.8135663434488
723.0056848685088
723.1977877160394
723.389874883429
723.5819463680654
723.7740021673362
723.9660422786301
724.1580666993344
724.3500754268375
724.5420684585271
724.7340457917911
724.9260074240176
725.1179533525947
725.30988357491
725.5017980883517
725.6936968903078
725.8855799781661
726.0774473493146
726.2692990011413
726.4611349310343
726.6529551363813
726.8447596145704
727.0365483629894
727.2283213790265
727.4200786600694
727.6118202035063
727.803546006725
727.9952560671136
728.1869503820599
728.3786289489519
728.5702917651776
728.761938828125
728.953570135182
729.1451856837365
729.3367854711765
729.52836949489
729.719937752265
729.9114902406892
730.1030269575509
730.294547900238
730.4860530661381
730.6775424526396
730.8690160571304
731.060473876998
731.251915909631
731.4433421524169
731.6347526027438
731.8261472579998
732.0175261155727
732.2088891728504
732.4002364272211
732.5915678760724
732.7828835167926
732.9741833467695
733.165467363391
733.3567355640452
733.54798794612
733.7392245070033
733.9304452440832
734.1216501547475
734.3128392363842
734.5040124863813
734.6951699021268
734.8863114810085
735.0774372204146
735.2685471177329
735.4596411703513
735.6507193756579
735.8417817310406
736.0328282338872
736.223858881586
736.4148736715246
736.6058726010912
736.7968556676735
736.9878228686599
737.1787742014379
737.3697096633958
737.5606292519215
737.7515329644026
737.9424207982277
738.133292750784
738.3241488194601
738.5149890016436
738.7058132947225
738.8966216960849
739.0874142031187
739.2781908132117
739.4689515237521
739.6596963321277
739.8504252357267
740.0411382319368
740.231835318146
740.422516491742
740.6131817501134
740.8038310906477
740.994464510733
741.1850820077572
741.3756835791081
741.566269222174
741.7568389343427
741.947392713002
742.1379305555402
742.3284524593449
742.5189584218043
742.7094484403063
742.899922512239
743.09038063499
743.2808228059474
743.4712490224994
743.6616592820336
743.8520535819382
744.0424319196011
744.2327942924102
744.4231406977535
744.6134711330191
744.8037855955947
744.9940840828685
745.1843665922282
745.374633121062
745.5648836667576
745.7551182267032
745.9453367982868
746.135539378896
746.3257259659191
746.5158965567439
746.7060511487584
746.8961897393506
747.0863123259085
747.2764189058197
747.4665094764728
747.656584035255
747.8466425795551
748.0366851067603
748.226711614259
748.416722099439
748.6067165596882
748.7966949923947
748.9866573949463
749.1766037647311
749.366534099137
749.556448395552
749.7463466513642
749.9362288639611
750.1260950307311
750.315945149062
750.5057792163417
750.6955972299583
750.8853991872998
751.0751850857538
751.2649549227085
751.454708695552
751.6444464016721
751.8341680384567
752.0238736032939
752.2135630935715
752.4032365066776
752.59289384
752.7825350909268
752.972160256846
753.1617693351454
753.3513623232132
753.540939218437
753.7305000182049
753.920044719905
754.1095733209252
754.2990858186535
754.4885822104777
754.6780624937858
754.8675266659659
755.0569747244057
755.2464066664934
755.4358224896168
755.6252221911641
755.814605768523
756.0039732190814
756.1933245402276
756.3826597293493
756.5719787838345
756.7612817010713
756.9505684784474
757.1398391133511
757.32909360317
757.5183319452923
757.7075541371057
757.8967601759983
758.0859500593583
758.2751237845733
758.4642813490316
758.6534227501207
758.842547985229
759.0316570517441
759.2207499470542
759.4098266685472
759.5988872136112
759.7879315796339
759.9769597640034
760.1659717641077
760.3549675773344
760.543947201072
760.732910632708
760.9218578696307
761.110788909228
761.2997037488875
761.4886023859976
761.6774848179462
761.866351042121
762.05520105591
762.2440348567014
762.4328524418831
762.6216538088428
762.8104389549687
762.9992078776488
763.1879605742708
763.376697042223
763.565417278893
763.754121281669
763.9428090479389
764.1314805750907
764.3201358605121
764.5087749015913
764.6973976957164
764.8860042402752
765.0745945326555
765.2631685702453
765.4517263504329
765.6402678706057
765.8287931281523
766.01730212046
766.2057948449172
766.3942712989119
766.5827314798319
766.7711753850649
766.9596030119993
767.1480143580228
767.3364094205236
767.5247881968893
767.7131506845082
767.9014968807679
768.0898267830568
768.2781403887624
768.4664376952729
768.6547186999765
768.8429834002607
769.0312317935136
769.2194638771233
769.4076796484777
769.5958791049648
769.7840622439722
769.9722290628883
770.1603795591011
770.3485137299982
770.5366315729677
770.7247330853975
770.9128182646758
771.1008871081902
771.288939613329
771.47697577748
771.6649955980312
771.8529990723704
772.0409861978857
772.2289569719651
772.4169113919967
772.604849455368
772.7927711594673
772.9806765016824
773.1685654794013
773.3564380900121
773.5442943309026
773.7321341994609
773.9199576930747
774.1077648091323
774.2955555450213
774.48332989813
774.6710878658461
774.8588294455577
775.0465546346528
775.234263430519
775.4219558305448
775.6096318321177
775.797291432626
775.9849346294574
776.17256142
776.3601718016417
776.5477657717705
776.7353433277743
776.9229044670411
777.1104491869589
777.2979774849157
777.4854893582991
777.6729848044976
777.8604638208988
778.0479264048907
778.2353725538613
778.4228022651985
778.6102155362904
778.7976123645249
778.9849927472899
779.1723566819733
779.3597041659633
779.5470351966476
779.7343497714144
779.9216478876514
780.1089295427468
780.2961947340883
780.483443459064
780.6706757150619
780.8578914994699
781.0450908096759
781.2322736430681
781.4194399970343
781.6065898689624
781.7937232562404
781.9808401562562
782.1679405663979
782.3550244840533
782.5420919066105
782.7291428314572
782.9161772559818
783.1031951775719
783.2901965936155
783.4771815015008
783.6641498986155
783.8511017823475
784.0380371500852
784.224955999216
784.4118583271284
784.5987441312099
784.7856134088487
784.9724661574326
785.1593023743496
785.3461220569878
785.532925202735
785.7197118089792
785.9064818731085
786.0932353925108
786.2799723645738
786.4666927866858
786.6533966562346
786.840083970608
787.0267547271944
787.2134089233813
787.4000465565568
787.586667624109
787.7732721234258
787.9598600518951
788.1464314069049
788.3329861858431
788.5195243860977
788.7060460050567
788.892551040108
789.0790394886395
789.2655113480392
789.4519666156951
789.6384052889953
789.8248273653275
790.0112328420797
790.19762171664
790.3839939863963
790.5703496487364
790.7566887010485
790.9430111407204
791.1293169651402
791.3156061716957
791.5018787577748
791.6881347207658
791.8743740580562
792.0605967670344
792.246802845088
792.4329922896054
792.619165097974
792.8053212675821
792.9914607958176
793.1775836800686
793.3636899177227
793.5497795061681
793.7358524427927
793.9219087249846
794.1079483501317
794.2939713156217
794.4799776188428
794.665967257183
794.85194022803
795.037896528772
795.223836156797
795.4097591094927
795.5956653842472
795.7815549784486
795.9674278894845
796.1532841147432
796.3391236516127
796.5249464974805
796.7107526497351
796.8965421057642
797.0823148629556
797.2680709186975
797.4538102703777
797.6395329153844
797.8252388511053
798.0109280749285
798.1966005842418
798.3822563764335
798.5678954488911
798.7535177990029
798.9391234241567
799.1247123217406
799.3102844891423
799.49583992375
799.6813786229516
799.866900584135
800.0524058046882
800.2378942819993
800.423366013456
800.6088209964463
800.7942592283583
800.97968070658
801.1650854284991
801.3504733915037
801.5358445929818
801.7211990303213
801.9065367009102
802.0918576021364
802.2771617313879
802.4624490860526
802.6477196635186
802.8329734611738
803.018210476406
803.2034307066034
803.3886341491537
803.5738208014452
803.7589906608655
803.9441437248029
804.1292799906449
804.31439945578
804.4995021175956
804.6845879734802
804.8696570208214
805.0547092570073
805.2397446794258
805.4247632854649
805.6097650725125
805.7947500379568
805.9797181791853
806.1646694935863
806.3496039785476
806.5345216314573
806.7194224497033
806.9043064306736
807.089173571756
807.2740238703386
807.4588573238093
807.643673929556
807.8284736849668
808.0132565874296
808.1980226343325
808.382771823063
808.5675041510096
808.7522196155601
808.9369182141023
809.1215999440242
809.3062648027137
809.490912787559
809.6755438959478
809.8601581252682
810.0447554729083
810.2293359362557
810.4138995126987
810.5984461996248
810.7829759944226
810.9674888944796
811.1519848971839
811.3364639999235
811.5209262000861
811.7053714950599
811.8897998822331
812.074211358993
812.2586059227282
812.4429835708262
812.6273443006753
812.8116881096632
812.996014995178
813.1803249546076
813.36461798534
813.5488940847631
813.733153250265
813.9173954792335
814.1016207690565
814.285829117122
814.4700205208184
814.6541949775329
814.8383524846541
815.0224930395697
815.2066166396675
815.3907232823357
815.5748129649621
815.7588856849347
815.9429414396417
816.1269802264707
816.3110020428097
816.495006886047
816.6789947535702
816.8629656427674
817.0469195510266
817.2308564757357
817.4147764142825
817.5986793640552
817.7825653224418
817.96643428683
818.150286254608
818.3341212231635
818.5179391898846
818.7017401521593
818.8855241073757
819.0692910529212
819.2530409861844
819.436773904553
819.6204898054149
819.8041886861581
819.9878705441705
820.1715353768402
820.3551831815552
820.5388139557033
820.7224276966724
820.9060244018506
821.0896040686258
821.273166694386
821.456712276519
821.640240812413
821.8237522994559
822.0072467350357
822.19072411654
822.3741844413572
822.557627706875
822.7410539104816
822.9244630495647
823.1078551215122
823.2912301237124
823.474588053553
823.657928908422
823.8412526857076
824.0245593827972
824.2078489970794
824.3911215259417
824.5743769667722
824.757615316959
824.9408365738899
825.1240407349529
825.3072277975359
825.490397759027
825.6735506168139
825.856686368285
826.0398050108276
826.2229065418304
826.405990958681
826.5890582587671
826.772108439477
826.9551414981987
827.1381574323199
827.3211562392288
827.5041379163132
827.6871024609611
827.8700498705605
828.0529801424993
828.2358932741655
828.418789262947
828.6016681062318
828.784529801408
828.9673743458632
829.1502017369857
829.3330119721633
829.5158050487839
829.6985809642357
829.8813397159065
830.0640813011842
830.2468057174567
830.4295129621122
830.6122030325386
830.7948759261237
830.9775316402556
831.1601701723224
831.3427915197118
831.5253956798116
831.7079826500101
831.8905524276951
832.0731050102546
832.2556403950766
832.438158579549
832.6206595610598
832.8031433369969
832.9856099047483
833.1680592617021
833.3504914052459
833.532906332768
833.715304041656
833.8976845292983
834.0800477930826
834.262393830397
834.4447226386292
834.6270342151673
834.8093285573993
834.9916056627133
835.1738655284969
835.3561081521383
835.5383335310254
835.7205416625461
835.9027325440885
836.0849061730405
836.2670625467899
836.449201662725
836.6313235182334
836.8134281107034
836.9955154375226
837.1775854960791
837.359638283761
837.5416737979562
837.7236920360524
837.9056929954378
838.0876766735005
838.2696430676281
838.4515921752088
838.6335239936304
838.8154385202811
838.9973357525487
839.179215687821
839.3610783234864
839.5429236569323
839.7247516855471
839.9065624067185
840.0883558178347
840.2701319162834
840.4518906994527
840.6336321647306
840.815356309505
840.9970631311637
841.1787526270948
841.3604247946864
841.5420796313264
841.7237171344025
841.9053373013028
842.0869401294154
842.2685256161282
842.4500937588291
842.631644554906
842.8131780017469
842.9946940967401
843.176192837273
843.3576742207338
843.5391382445105
843.7205849059909
843.9020142025631
844.0834261316152
844.2648206905349
844.4461978767101
844.627557687529
844.8089001203796
844.9902251726496
845.1715328417271
845.352823125
845.5340960198565
845.7153515236841
845.8965896338711
846.0778103478056
846.259013662875
846.4401995764676
846.6213680859717
846.8025191887746
846.9836528822647
847.1647691638298
847.3458680308578
847.5269494807368
847.7080135108546
847.8890601185993
848.070089301359
848.2511010565213
848.4320953814743
848.6130722736061
848.7940317303045
848.9749737489575
849.155898326953
849.3368054616791
849.5176951505237
849.6985673908746
849.87942218012
850.0602595156477
850.2410793948457
850.4218818151021
850.6026667738046
850.7834342683412
850.9641842961001
851.1449168544692
851.3256319408362
851.5063295525892
851.6870096871163
851.8676723418051
852.048317514044
852.2289452012208
852.4095554007232
852.5901481099395
852.7707233262574
852.9512810470651
853.1318212697504
853.3123439917013
853.4928492103058
853.6733369229516
853.8538071270272
854.0342598199201
854.2146949990183
854.39511266171
854.5755128053828
854.7558954274252
854.9362605252246
855.1166080961692
855.2969381376469
855.4772506470457
855.6575456217535
855.8378230591584
856.0180829566482
856.1983253116109
856.3785501214346
856.5587573835071
856.7389470952164
856.9191192539505
857.0992738570972
857.2794109020447
857.4595303861806
857.6396323068934
857.8197166615705
857.9997834476002
858.1798326623705
858.359864303269
858.5398783676841
858.7198748530034
858.8998537566151
859.0798150759069
859.259758808267
859.4396849510833
859.6195935017437
859.7994844576361
859.9793578161486
860.1592135746693
860.3390517305858
860.5188722812861
860.6986752241585
860.8784605565907
861.0582282759706
861.2379783796862
861.4177108651256
861.5974257296766
861.7771229707274
861.9568025856656
862.1364645718795
862.3161089267568
862.4957356476856
862.6753447320539
862.8549361772493
863.0345099806603
863.2140661396745
863.39360465168
863.5731255140646
863.7526287242165
863.9321142795234
864.1115821773734
864.2910324151544
864.4704649902545
864.6498799000615
864.8292771419635
865.0086567133484
865.188018611604
865.3673628341185
865.5466893782796
865.7259982414755
865.905289421094
866.0845629145232
866.2638187191509
866.4430568323654
866.6222772515542
866.8014799741055
866.9806649974072
867.1598323188472
867.3389819358135
867.5181138456941
867.6972280458771
867.8763245337501
868.0554033067014
868.2344643621186
868.4135076973901
868.5925333099035
868.771541197047
868.9505313562084
869.1295037847757
869.308458480137
869.48739543968
869.6663146607928
869.8452161408633
870.0240998772795
870.2029658674294
870.381814108701
870.560644598482
870.7394573341605
870.9182523131246
871.0970295327622
871.2757889904611
871.4545306836095
871.633254609595
871.8119607658059
871.9906491496301
872.1693197584555
872.34797258967
872.5266076406616
872.7052249088183
872.883824391528
873.0624060861787
873.2409699901583
873.4195161008548
873.5980444156562
873.7765549319506
873.9550476471255
874.1335225585692
874.3119796636696
874.4904189598147
874.6688404443925
874.8472441147907
875.0256299683974
875.2039980026007
875.3823482147885
875.5606806023485
875.738995162669
875.9172918931378
876.0955707911428
876.2738318540721
876.4520750793137
876.6303004642551
876.8085080062849
876.9866977027907
877.1648695511605
877.3430235487823
877.5211596930441
877.6992779813336
877.8773784110391
878.0554609795487
878.2335256842498
878.4115725225305
878.5896014917789
878.7676125893831
878.9456058127308
879.1235811592102
879.3015386262089
879.4794782111153
879.6573999113169
879.835303724202
880.0131896471585
880.1910576775743
880.3689078128374
880.5467400503356
880.724554387457
880.9023508215896
881.0801293501214
881.25788997044
881.4356326799339
881.6133574759905
881.7910643559982
881.9687533173447
882.1464243574181
882.3240774736064
882.5017126632974
882.6793299238791
882.8569292527395
883.0345106472665
883.212074104848
883.3896196228723
883.567147198727
883.7446568298001
883.9221485134797
884.0996222471537
884.2770780282101
884.4545158540366
884.6319357220216
884.8093376295526
884.9867215740179
885.1640875528053
885.3414355633028
885.5187656028984
885.6960776689799
885.8733717589355
886.0506478701529
886.2279060000203
886.4051461459255
886.5823683052564
886.7595724754013
886.9367586537477
887.1139268376838
887.2910770245976
887.468209211877
887.6453233969099
887.8224195770844
887.9994977497882
888.1765579124095
888.3536000623362
888.5306241969563
888.7076303136577
888.8846184098281
889.061588482856
889.238540530129
889.415474549035
889.5923905369624
889.7692884912987
889.9461684094318
890.1230302887501
890.2998741266412
890.4766999204933
890.653507667694
890.8302973656317
891.007069011694
891.1838226032692
891.3605581377449
891.5372756125092
891.7139750249502
891.8906563724559
892.0673196524137
892.2439648622122
892.4205919992392
892.5972010608824
892.7737920445301
892.9503649475698
893.12691976739
893.3034565013783
893.4799751469229
893.6564757014114
893.8329581622322
894.0094225267729
894.1858687924217
894.3622969565664
894.538707016595
894.7150989698955
894.8914728138558
895.0678285458639
895.2441661633078
895.4204856635754
895.5967870440545
895.7730703021334
895.9493354351998
896.1255824406419
896.3018113158472
896.4780220582043
896.6542146651004
896.8303891339242
897.0065454620632
897.1826836469054
897.358803685839
897.5349055762517
897.7109893155317
897.8870549010667
898.0631023302448
898.2391316004539
898.415142709082
898.5911356535172
898.7671104311471
898.9430670393599
899.1190054755435
899.294925737086
899.4708278213752
899.6467117257992
899.8225774477457
899.9984249846029
900.1742543337585
900.3500654926008
900.5258584585175
900.7016332288968
900.8773898011264
901.0531281725946
901.2288483406888
901.4045503027975
901.5802340563083
901.7558995986092
901.9315469270884
902.1071760391336
902.2827869321329
902.4583796034743
902.6339540505456
902.809510270735
902.9850482614302
903.1605680200191
903.3360695438901
903.5115528304308
903.6870178770291
903.8624646810731
904.0378932399509
904.2133035510501
904.3886956117591
904.5640694194656
904.7394249715575
904.9147622654228
905.0900812984496
905.2653820680256
905.440664571539
905.6159288063777
905.7911747699296
905.9664024595827
906.141611872725
906.3168030067443
906.4919758590288
906.6671304269662
906.8422667079445
907.017384699352
907.1924843985762
907.3675658030054
907.5426289100272
907.7176737170299
907.8927002214015
908.0677084205296
908.2426983118023
908.4176698926076
908.5926231603336
908.767558112368
908.9424747460988
909.1173730589142
909.2922530482019
909.4671147113501
909.6419580457465
909.8167830487791
909.991589717836
910.1663780503051
910.3411480435742
910.5158996950315
910.6906330020649
910.8653479620623
911.0400445724117
911.2147228305009
911.3893827337182
911.5640242794511
911.738647465088
911.9132522880167
912.0878387456248
912.2624068353009
912.4369565544328
912.611487900408
912.7860008706148
912.960495462441
913.1349716732748
913.309429500504
913.4838689415167
913.6582899937005
913.8326926544437
914.0070769211343
914.18144279116
914.3557902619089
914.5301193307689
914.7044299951281
914.8787222523741
915.0529960998953
915.2272515350794
915.4014885553145
915.5757071579885
915.7499073404894
915.9240891002049
916.0982524345231
916.2723973408323
916.44652381652
916.6206318589744
916.7947214655834
916.9687926337349
917.142845360817
917.3168796442175
917.4908954813243
917.6648928695255
917.8388718062091
918.0128322887631
918.1867743145752
918.3606978810336
918.5346029855262
918.7084896254408
918.8823577981657
919.0562075010886
919.2300387315972
919.40385148708
919.5776457649248
919.7514215625193
919.9251788772518
920.0989177065101
920.272638047682
920.4463398981557
920.620023255319
920.7936881165599
920.9673344792665
921.1409623408266
921.3145716986281
921.4881625500593
921.6617348925076
921.8352887233615
922.0088240400087
922.1823408398373
922.3558391202348
922.5293188785898
922.7027801122898
922.876222818723
923.0496469952773
923.2230526393407
923.396439748301
923.5698083195463
923.7431583504647
923.9164898384438
924.0898027808717
924.2630971751364
924.4363730186258
924.6096303087279
924.7828690428307
924.9560892183222
925.1292908325901
925.3024738830227
925.4756383670076
925.6487842819331
925.821911625187
925.9950203941572
926.1681105862317
926.3411821987986
926.5142352292457
926.687269674961
926.8602855333326
927.0332828017481
927.2062614775957
927.3792215582635
927.5521630411391
927.7250859236108
927.8979902030663
928.0708758768938
928.2437429424809
928.4165913972159
928.5894212384866
928.7622324636811
928.9350250701872
929.1077990553929
929.2805544166862
929.453291151455
929.6260092570873
929.798708730971
929.9713895704941
930.1440517730448
930.3166953360105
930.4893202567796
930.66192653274
930.8345141612795
931.0070831397862
931.1796334656481
931.3521651362529
931.5246781489889
931.6971725012437
931.8696481904055
932.0421052138623
932.2145435690019
932.3869632532122
932.5593642638814
932.7317465983973
932.9041102541479
933.0764552285211
933.248781518905
933.4210891226876
933.5933780372565
933.7656482599998
933.9378997883058
934.110132619562
934.2823467511566
934.4545421804777
934.6267189049129
934.7988769218504
934.9710162286782
935.143136822784
935.3152387015559
935.4873218623817
935.6593863026498
935.8314320197477
936.0034590110636
936.1754672739854
936.347456805901
936.5194276041984
936.6913796662657
936.8633129894906
937.0352275712612
937.2071234089656
937.3790004999913
937.5508588417267
937.7226984315598
937.8945192668782
938.06632134507
938.2381046635232
938.4098692196259
938.5816150107659
938.753342034331
938.9250502877094
939.0967397682889
939.2684104734577
939.4400624006036
939.6116955471144
939.7833099103782
939.9549054877831
940.126482276717
940.2980402745676
940.4695794787232
940.6410998865715
940.8126014955006
940.9840843028985
941.1555483061529
941.3269935026522
941.4984198897839
941.6698274649361
941.841216225497
942.0125861688541
942.1839372923959
942.3552695935099
942.5265830695844
942.6978777180071
942.8691535361662
943.0404105214494
943.2116486712447
943.3828679829403
943.5540684539238
943.7252500815835
943.8964128633072
944.0675567964828
944.2386818784984
944.4097881067418
944.5808754786011
944.7519439914643
944.9229936427191
945.0940244297536
945.2650363499558
945.4360294007137
945.607003579415
945.7779588834482
945.9488953102007
946.1198128570607
946.2907115214161
946.461591300655
946.6324521921651
946.8032941933345
946.9741173015511
947.144921514203
947.3157068286781
947.4864732423642
947.6572207526494
947.8279493569219
947.9986590525691
948.1693498369793
948.3400217075406
948.5106746616406
948.6813086966674
948.8519238100092
949.0225199990537
949.1930972611888
949.3636555938026
949.534194994283
949.7047154600181
949.8752169883956
950.0456995768036
950.2161632226303
950.3866079232631
950.5570336760904
950.7274404785001
950.89782832788
951.0681972216182
951.2385471571026
951.4088781317212
951.5791901428619
951.7494831879126
951.9197572642613
952.0900123692961
952.2602485004048
952.4304656549756
952.600663830396
952.7708430240544
952.9410032333386
953.1111444556365
953.2812666883361
953.4513699288253
953.6214541744922
953.7915194227246
953.9615656709107
954.1315929164381
954.301601156695
954.4715903890693
954.641560610949
954.8115118197221
954.9814440127764
955.1513571874999
955.3212513412807
955.4911264715066
955.6609825755656
955.8308196508457
956.0006376947349
956.170436704621
956.340216677892
956.509977611936
956.6797195041408
956.8494423518946
957.019146152585
957.1888309036003
957.3584966023283
957.5281432461569
957.697770832474
957.8673793586678
958.036968822126
958.2065392202368
958.376090550388
958.5456228099675
958.7151359963635
958.8846301069638
959.0541051391564
959.223561090329
959.39299795787
959.5624157391672
959.7318144316084
959.9011940325817
960.0705545394751
960.2398959496763
960.4092182605737
960.5785214695549
960.7478055740079
960.9170705713208
961.0863164588814
961.2555432340777
961.4247508942977
961.5939394369293
961.7631088593607
961.9322591589795
962.101390333174
962.2705023793318
962.4395952948412
962.6086690770898
962.7777237234659
962.9467592313572
963.1157755981519
963.2847728212377
963.4537508980028
963.6227098258349
963.7916496021223
963.9605702242526
964.1294716896141
964.2983539955944
964.4672171395817
964.636061118964
964.804885931129
964.9736915734649
965.1424780433595
965.3112453382009
965.4799934553769
965.6487223922755
965.8174321462849
965.9861227147927
966.1547940951871
966.3234462848559
966.4920792811871
966.6606930815689
966.8292876833889
966.9978630840351
967.1664192808958
967.3349562713586
967.5034740528115
967.6719726226427
967.8404519782398
968.0089121169912
968.1773530362846
968.3457747335079
968.5141772060491
968.6825604512962
968.8509244666371
969.01926924946
969.1875947971524
969.3559011071027
969.5241881766985
969.6924560033281
969.8607045843793
970.0289339172399
970.1971439992981
970.3653348279418
970.5335064005588
970.7016587145374
970.8697917672652
971.0379055561303
971.2060000785207
971.3740753318243
971.5421313134291
971.710168020723
971.8781854510939
972.04618360193
972.214162470619
972.3821220545491
972.5500623511081
972.7179833576839
972.8858850716646
973.053767490438
973.2216306113922
973.3894744319152
973.5572989493949
973.7251041612191
973.8928900647759
974.0606566574533
974.2284039366391
974.3961318997216
974.5638405440883
974.7315298671275
974.8991998662269
975.0668505387747
975.2344818821587
975.402093893767
975.5696865709874
975.737259911208
975.9048139118166
976.0723485702013
976.23986388375
976.4073598498506
976.5748364658912
976.7422937292596
976.9097316373438
977.077150187532
977.2445493772117
977.4119292037713
977.5792896645985
977.7466307570812
977.9139524786076
978.0812548265656
978.2485377983429
978.4158013913278
978.5830456029081
978.7502704304718
978.9174758714069
979.0846619231011
979.251828582943
979.4189758483196
979.5861037166196
979.7532121852306
979.9203012515406
980.0873709129378
980.2544211668101
980.4214520105451
980.5884634415312
980.7554554571559
980.9224280548077
981.0893812318742
981.2563149857434
981.4232293138034
981.590124213442
981.7569996820472
981.9238557170071
982.0906923157094
982.2575094755421
982.4243071938934
982.5910854681512
982.7578442957031
982.9245836739375
983.0913036002422
983.2580040720051
983.4246850866143
983.5913466414574
983.757988733923
983.9246113613983
984.0912145212718
984.2577982109312
984.4243624277647
984.59090716916
984.7574324325052
984.9239382151882
985.090424514597
985.2568913281194
985.4233386531438
985.5897664870577
985.7561748272491
985.9225636711062
986.0889330160168
986.2552828593688
986.4216131985504
986.5879240309492
986.7542153539536
986.9204871649512
987.0867394613301
987.2529722404782
987.4191854997835
987.585379236634
987.7515534484176
987.9177081325222
988.0838432863359
988.2499589072465
988.4160549926421
988.5821315399106
988.7481885464399
988.9142260096181
989.0802439268331
989.2462422954727
989.4122211129251
989.5781803765781
989.7441200838197
989.9100402320378
990.0759408186208
990.2418218409559
990.4076832964316
990.5735251824356
990.7393474963559
990.9051502355807
991.0709333974977
991.2366969794948
991.4024409789602
991.5681653932817
991.7338702198473
991.899555456045
992.0652210992628
992.2308671468884
992.39649359631
992.5621004449155
992.7276876900929
992.89325532923
993.058803359715
993.2243317789356
993.38984058428
993.555329773136
993.7207993428916
993.8862492909348
994.0516796146534
994.2170903114355
994.3824813786691
994.5478528137421
994.7132046140424
994.8785367769581
995.0438492998769
995.209142180187
995.3744154152763
995.5396690025327
995.7049029393443
995.8701172230988
996.0353118511845
996.200486820989
996.3656421299006
996.5307777753069
996.6958937545961
996.8609900651561
997.0260667043749
997.1911236696405
997.3561609583408
997.5211785678636
997.6861764955969
997.8511547389289
998.0161132952474
998.1810521619403
998.3459713363958
998.5108708160014
998.6757505981457
998.8406106802161
999.0054510596007
999.1702717336876
999.3350726998647
999.4998539555198
999.6646154980411
999.8293573248166
999.9940794332338
1000.1587818206812
1000.3234644845464
1000.4881274222174
1000.6527706310825
1000.8173941085295
1000.9819978519458
1001.1465818587201
1001.31114612624
1001.4756906518935
1001.6402154330686
1001.8047204671533
1001.9692057515355
1002.133671283603
1002.2981170607442
1002.4625430803466
1002.6269493397983
1002.7913358364873
1002.9557025678016
1003.1200495311291
1003.2843767238579
1003.4486841433757
1003.6129717870706
1003.7772396523305
1003.9414877365434
1004.1057160370974
1004.2699245513802
1004.43411327678
1004.5982822106845
1004.7624313504817
1004.9265606935597
1005.0906702373065
1005.2547599791101
1005.418829916358
1005.5828800464387
1005.7469103667399
1005.9109208746496
1006.0749115675557
1006.2388824428464
1006.4028334979092
1006.5667647301326
1006.7306761369041
1006.8945677156119
1007.0584394636438
1007.2222913783881
1007.3861234572322
1007.5499356975647
1007.713728096773
1007.8775006522454
1008.0412533613699
1008.2049862215341
1008.3686992301263
1008.5323923845343
1008.696065682146
1008.8597191203495
1009.0233526965326
1009.1869664080835
1009.3505602523901
1009.5141342268399
1009.6776883288214
1009.8412225557225
1010.0047369049312
1010.168231373835
1010.3317059598223
1010.495160660281
1010.6585954725988
1010.822010394164
1010.9854054223644
1011.1487805545878
1011.3121357882225
1011.4754711206564
1011.638786549277
1011.8020820714728
1011.9653576846315
1012.128613386141
1012.2918491733894
1012.4550650437646
1012.6182609946546
1012.7814370234473
1012.9445931275309
1013.1077293042931
1013.2708455511219
1013.433941865405
1013.5970182445309
1013.7600746858873
1013.923111186862
1014.0861277448431
1014.2491243572185
1014.4121010213764
1014.5750577347045
1014.7379944945908
1014.9009112984234
1015.0638081435902
1015.226685027479
1015.3895419474778
1015.5523789009746
1015.7151958853575
1015.8779928980143
1016.0407699363329
1016.2035269977017
1016.3662640795079
1016.5289811791401
1016.691678293986
1016.8543554214336
1017.0170125588708
1017.1796497036858
1017.342266853266
1017.504864005
1017.6674411562753
1017.8299983044802
1017.9925354470025
1018.15505258123
1018.317549704551
1018.4800268143531
1018.6424839080244
1018.804920982953
1018.9673380365268
1019.1297350661337
1019.2921120691615
1019.4544690429985
1019.6168059850323
1019.7791228926512
1019.9414197632427
1020.1036965941955
1020.2659533828969
1020.4281901267349
1020.5904068230977
1020.7526034693733
1020.9147800629495
1021.0769366012142
1021.2390730815556
1021.4011895013616
1021.5632858580199
1021.7253621489186
1021.8874183714458
1022.0494545229895
1022.2114706009373
1022.3734666026775
1022.5354425255978
1022.6973983670862
1022.8593341245308
1023.0212497953196
1023.1831453768403
1023.3450208664811
1023.5068762616298
1023.6687115596745
1023.8305267580032
1023.9923218540035
1024.1540968450638
1024.3158517285717
1024.4775865019155
1024.639301162483
1024.8009957076617
1024.9626701348404
1025.1243244414068
1025.2859586247484
1025.4475726822534
1025.60916661131
1025.770740409306
1025.9322940736292
1026.093827601668
1026.2553409908096
1026.4168342384428
1026.578307341955
1026.7397602987344
1026.9011931061689
1027.0626057616462
1027.223998262555
1027.3853706062825
1027.5467227902168
1027.7080548117463
1027.8693666682582
1028.030658357141
1028.1919298757828
1028.3531812215713
1028.5144123918942
1028.67562338414
1028.8368141956962
1028.997984823951
1029.1591352662922
1029.3202655201083
1029.4813755827863
1029.642465451715
1029.8035351242818
1029.964584597875
1030.1256138698827
1030.2866229376923
1030.447611798692
1030.60858045027
1030.7695288898142
1030.9304571147122
1031.0913651223523
1031.2522529101225
1031.4131204754103
1031.5739678156042
1031.734794928092
1031.8956018102615
1032.0563884595006
1032.2171548731974
1032.3779010487401
1032.5386269835167
1032.6993326749143
1032.860018120322
1033.0206833171267
1033.1813282627168
1033.3419529544806
1033.5025573898058
1033.66314156608
1033.8237054806918
1033.9842491310287
1034.1447725144787
1034.3052756284303
1034.4657584702707
1034.626221037388
1034.7866633271708
1034.9470853370062
1035.1074870642829
1035.2678685063881
1035.4282296607105
1035.5885705246376
1035.7488910955574
1035.909191370858
1036.0694713479274
1036.2297310241534
1036.389970396924
1036.550189463627
1036.7103882216509
1036.8705666683832
1037.0307248012118
1037.1908626175248
1037.3509801147102
1037.511077290156
1037.6711541412499
1037.8312106653805
1037.9912468599346
1038.1512627223015
1038.3112582498682
1038.471233440023
1038.6311882901537
1038.7911227976485
1038.9510369598954
1039.1109307742822
1039.2708042381967
1039.4306573490271
1039.590490104161
1039.7503025009871
1039.9100945368925
1040.069866209266
1040.2296175154947
1040.3893484529672
1040.5490590190711
1040.7087492111946
1040.8684190267254
1041.0280684630516
1041.1876975175612
1041.347306187642
1041.5068944706825
1041.66646236407
1041.8260098651924
1041.9855369714385
1042.1450436801952
1042.3045299888513
1042.4639958947944
1042.6234413954123
1042.7828664880933
1042.942271170225
1043.101655439196
1043.2610192923935
1043.4203627272057
1043.5796857410207
1043.7389883312264
1043.8982704952107
1044.0575322303616
1044.2167735340672
1044.3759944037151
1044.5351948366938
1044.6943748303906
1044.8535343821939
1045.0126734894916
1045.1717921496718
1045.3308903601219
1045.4899681182305
1045.6490254213852
1045.808062266974
1045.9670786523848
1046.1260745750058
1046.285050032225
1046.4440050214298
1046.6029395400087
1046.7618535853496
1046.9207471548402
1047.0796202458687
1047.238472855823
1047.3973049820906
1047.5561166220607
1047.7149077731196
1047.8736784326568
1048.0324285980591
1048.191158266715
1048.3498674360126
1048.5085561033393
1048.6672242660836
1048.8258719216333
1048.9844990673762
1049.1431057007003
1049.3016918189937
1049.4602574196442
1049.61880250004
1049.7773270575688
1049.9358310896187
1050.0943145935773
1050.2527775668334
1050.411220006774
1050.5696419107878
1050.7280432762623
1050.8864241005856
1051.0447843811457
1051.2031241153304
1051.3614433005278
1051.519741934126
1051.6780200135127
1051.8362775360758
1051.9945144992037
1052.152730900284
1052.3109267367045
1052.4691020058535
1052.6272567051187
1052.7853908318887
1052.9435043835506
1053.1015973574927
1053.259669751103
1053.4177215617694
1053.5757527868802
1053.7337634238227
1053.8917534699851
1054.0497229227558
1054.2076717795223
1054.3656000376727
1054.5235076945949
1054.681394747677
1054.8392611943066
1054.997107031872
1055.1549322577612
1055.312736869362
1055.4705208640623
1055.6282842392502
1055.7860269923135
1055.9437491206404
1056.1014506216186
1056.2591314926362
1056.4167917310813
1056.5744313343414
1056.732050299805
1056.8896486248598
1057.0472263068937
1057.2047833432946
1057.3623197314507
1057.5198354687502
1057.6773305525803
1057.8348049803292
1057.9922587493854
1058.1496918571363
1058.30710430097
1058.4644960782746
1058.6218671864376
1058.7792176228477
1058.9365473848923
1059.0938564699597
1059.2511448754374
1059.408412598714
1059.5656596371769
1059.722885988214
1059.880091649214
1060.037276617564
1060.1944408906525
1060.3515844658673
1060.5087073405962
1060.6658095122275
1060.8228909781487
1060.979951735748
1061.1369917824138
1061.2940111155335
1061.4510097324949
1061.6079876306865
1061.7649448074958
1061.9218812603112
1062.0787969865203
1062.2356919835113
1062.392566248672
1062.5494197793903
1062.7062525730544
1062.863064627052
1063.0198559387713
1063.1766265055999
1063.3333763249263
1063.490105394138
1063.646813710623
1063.8035012717696
1063.9601680749654
1064.1168141175986
1064.2734393970568
1064.4300439107283
1064.586627656001
1064.7431906302627
1064.8997328309015
1065.0562542553055
1065.2127549008624
1065.36923476496
1065.5256938449868
1065.6821321383304
1065.8385496423787
1065.99494635452
1066.151322272142
1066.3076773926325
1066.4640117133797
1066.6203252317716
1066.776617945196
1066.932889851041
1067.0891409466944
1067.2453712295442
1067.4015806969785
1067.5577693463852
1067.713937175152
1067.8700841806674
1068.0262103603188
1068.1823157114943
1068.3384002315822
1068.4944639179703
1068.6505067680464
1068.806528779198
1068.9625299488143
1069.1185102742822
1069.27446975299
1069.4304083823256
1069.5863261596771
1069.7422230824325
1069.8980991479793
1070.053954353706
1070.2097886970005
1070.3656021752504
1070.521394785844
1070.677166526169
1070.8329173936133
1070.9886473855652
1071.1443564994127
1071.3000447325435
1071.4557120823454
